500
1 2 6808
1 3 5250
1 4 74
1 5 3659
1 6 8931
1 7 1273
1 8 7545
1 9 879
1 10 7924
1 11 7710
1 12 4441
1 13 8166
1 14 4493
1 15 3043
1 16 7988
1 17 2504
1 18 2328
1 19 1730
1 20 8841
1 21 2613
1 22 4304
1 23 3170
1 24 7710
1 25 7158
1 26 9561
1 27 934
1 28 3100
1 29 279
1 30 1817
1 31 5336
1 32 9098
1 33 7827
1 34 3513
1 35 9268
1 36 3811
1 37 7634
1 38 980
1 39 9150
1 40 6580
1 41 8822
1 42 1968
1 43 673
1 44 1394
1 45 9337
1 46 5486
1 47 1746
1 48 5229
1 49 4092
1 50 195
1 51 6358
1 52 5002
1 65 8025